0.5	125704
1.5	0
2.5	0
3.5	46
4.5	190
5.5	635
6.5	1253
7.5	1316
8.5	1299
9.5	1368
10.5	1586
11.5	1565
12.5	1632
13.5	1698
14.5	1819
15.5	1804
16.5	1869
17.5	2038
18.5	2160
19.5	2191
20.5	2617
21.5	3325
22.5	3669
23.5	3240
24.5	2939
25.5	2851
26.5	2900
27.5	3186
28.5	3462
29.5	3321
30.5	2811
31.5	2467
32.5	2271
33.5	2247
34.5	2170
35.5	2243
36.5	2138
37.5	2099
38.5	2227
39.5	2451
40.5	2987
41.5	3200
42.5	3167
43.5	2833
44.5	2512
45.5	2281
46.5	2065
47.5	2098
48.5	2310
49.5	2748
50.5	3951
51.5	5357
52.5	6516
53.5	6806
54.5	6197
55.5	5265
56.5	4081
57.5	3232
58.5	2626
59.5	2399
60.5	2249
61.5	2206
62.5	2156
63.5	2089
64.5	2003
65.5	2056
66.5	2067
67.5	2053
68.5	2124
69.5	2225
70.5	2329
71.5	2222
72.5	2130
73.5	2109
74.5	2182
75.5	2215
76.5	2140
77.5	2252
78.5	2174
79.5	2227
80.5	2425
81.5	2660
82.5	2826
83.5	2898
84.5	2967
85.5	2702
86.5	2232
87.5	2195
88.5	1952
89.5	1991
90.5	1948
91.5	1971
92.5	1927
93.5	1925
94.5	1968
95.5	1969
96.5	2000
97.5	1978
98.5	2041
99.5	1973
100.5	2122
101.5	2360
102.5	2600
103.5	2779
104.5	2830
105.5	2886
106.5	2792
107.5	2580
108.5	2756
109.5	2919
110.5	3324
111.5	3988
112.5	4164
113.5	4198
114.5	3895
115.5	3283
116.5	2798
117.5	2452
118.5	2385
119.5	2565
120.5	3247
121.5	4676
122.5	6940
123.5	9427
124.5	12178
125.5	13619
126.5	13663
127.5	12281
128.5	9584
129.5	6861
130.5	4540
131.5	3133
132.5	2320
133.5	1975
134.5	1832
135.5	1757
136.5	1719
137.5	1679
138.5	1736
139.5	1900
140.5	2131
141.5	2520
142.5	3191
143.5	3819
144.5	4301
145.5	4495
146.5	4312
147.5	3881
148.5	3274
149.5	2708
150.5	2313
151.5	2080
152.5	2111
153.5	2365
154.5	2599
155.5	2903
156.5	2947
157.5	2909
158.5	2762
159.5	2634
160.5	2519
161.5	2584
162.5	2950
163.5	3694
164.5	4781
165.5	6137
166.5	7037
167.5	7386
168.5	7134
169.5	6575
170.5	5390
171.5	4200
172.5	3202
173.5	2573
174.5	2343
175.5	2435
176.5	2652
177.5	3076
178.5	3279
179.5	3344
180.5	3051
181.5	2528
182.5	1875
183.5	1457
184.5	1017
185.5	767
186.5	641
187.5	612
188.5	575
189.5	663
190.5	679
191.5	833
192.5	1020
193.5	1194
194.5	1320
195.5	1518
196.5	1559
197.5	1523
198.5	1443
199.5	1268
200.5	1086
201.5	883
202.5	783
203.5	642
204.5	573
205.5	541
206.5	533
207.5	489
208.5	450
209.5	405
210.5	381
211.5	363
212.5	313
213.5	315
214.5	271
215.5	311
216.5	325
217.5	399
218.5	479
219.5	616
220.5	674
221.5	823
222.5	881
223.5	933
224.5	927
225.5	882
226.5	903
227.5	765
228.5	635
229.5	546
230.5	441
231.5	329
232.5	272
233.5	201
234.5	179
235.5	165
236.5	133
237.5	152
238.5	113
239.5	123
240.5	114
241.5	83
242.5	87
243.5	62
244.5	56
245.5	43
246.5	28
247.5	24
248.5	26
249.5	13
250.5	11
251.5	6
252.5	3
253.5	3
254.5	2
255.5	1
256.5	1
257.5	1
258.5	0
259.5	1
260.5	0
261.5	0
262.5	0
263.5	0
264.5	0
265.5	0
266.5	0
267.5	0
268.5	0
269.5	0
270.5	0
271.5	0
272.5	0
273.5	0
274.5	0
275.5	0
276.5	0
277.5	0
278.5	0
279.5	0
280.5	0
281.5	0
282.5	0
283.5	0
284.5	0
285.5	0
286.5	0
287.5	0
288.5	0
289.5	0
290.5	0
291.5	0
292.5	0
293.5	0
294.5	0
295.5	0
296.5	0
297.5	0
298.5	0
299.5	0
300.5	0
301.5	0
302.5	0
303.5	0
304.5	0
305.5	0
306.5	0
307.5	0
308.5	0
309.5	0
310.5	0
311.5	0
312.5	0
313.5	0
314.5	0
315.5	0
316.5	0
317.5	0
318.5	0
319.5	0
320.5	0
321.5	0
322.5	0
323.5	0
324.5	0
325.5	0
326.5	0
327.5	0
328.5	0
329.5	0
330.5	0
331.5	0
332.5	0
333.5	0
334.5	0
335.5	0
336.5	0
337.5	0
338.5	0
339.5	0
340.5	0
341.5	0
342.5	0
343.5	0
344.5	0
345.5	0
346.5	0
347.5	0
348.5	0
349.5	0
350.5	0
351.5	0
352.5	0
353.5	0
354.5	0
355.5	0
356.5	0
357.5	0
358.5	0
359.5	0
360.5	0
361.5	0
362.5	0
363.5	0
364.5	0
365.5	0
366.5	0
367.5	0
368.5	0
369.5	0
370.5	0
371.5	0
372.5	0
373.5	0
374.5	0
375.5	0
376.5	0
377.5	0
378.5	0
379.5	0
380.5	0
381.5	0
382.5	0
383.5	0
384.5	0
385.5	0
386.5	0
387.5	0
388.5	0
389.5	0
390.5	0
391.5	0
392.5	0
393.5	0
394.5	0
395.5	0
396.5	0
397.5	0
398.5	0
399.5	0
400.5	0
401.5	0
402.5	0
403.5	0
404.5	0
405.5	0
406.5	0
407.5	0
408.5	0
409.5	0
410.5	0
411.5	0
412.5	0
413.5	0
414.5	0
415.5	0
416.5	0
417.5	0
418.5	0
419.5	0
420.5	0
421.5	0
422.5	0
423.5	0
424.5	0
425.5	0
426.5	0
427.5	0
428.5	0
429.5	0
430.5	0
431.5	0
432.5	0
433.5	0
434.5	0
435.5	0
436.5	0
437.5	0
438.5	0
439.5	0
440.5	0
441.5	0
442.5	0
443.5	0
444.5	0
445.5	0
446.5	0
447.5	0
448.5	0
449.5	0
450.5	0
451.5	0
452.5	0
453.5	0
454.5	0
455.5	0
456.5	0
457.5	0
458.5	0
459.5	0
460.5	0
461.5	0
462.5	0
463.5	0
464.5	0
465.5	0
466.5	0
467.5	0
468.5	0
469.5	0
470.5	0
471.5	0
472.5	0
473.5	0
474.5	0
475.5	0
476.5	0
477.5	0
478.5	0
479.5	0
480.5	0
481.5	0
482.5	0
483.5	0
484.5	0
485.5	0
486.5	0
487.5	0
488.5	0
489.5	0
490.5	0
491.5	0
492.5	0
493.5	0
494.5	0
495.5	0
496.5	0
497.5	0
498.5	0
499.5	0
500.5	0
501.5	0
502.5	0
503.5	0
504.5	0
505.5	0
506.5	0
507.5	0
508.5	0
509.5	0
510.5	0
511.5	0
512.5	0
513.5	0
514.5	0
515.5	0
516.5	0
517.5	0
518.5	0
519.5	0
520.5	0
521.5	0
522.5	0
523.5	0
524.5	0
525.5	0
526.5	0
527.5	0
528.5	0
529.5	0
530.5	0
531.5	0
532.5	0
533.5	0
534.5	0
535.5	0
536.5	0
537.5	0
538.5	0
539.5	0
540.5	0
541.5	0
542.5	0
543.5	0
544.5	0
545.5	0
546.5	0
547.5	0
548.5	0
549.5	0
550.5	0
551.5	0
552.5	0
553.5	0
554.5	0
555.5	0
556.5	0
557.5	0
558.5	0
559.5	0
560.5	0
561.5	0
562.5	0
563.5	0
564.5	0
565.5	0
566.5	0
567.5	0
568.5	0
569.5	0
570.5	0
571.5	0
572.5	0
573.5	0
574.5	0
575.5	0
576.5	0
577.5	0
578.5	0
579.5	0
580.5	0
581.5	0
582.5	0
583.5	0
584.5	0
585.5	0
586.5	0
587.5	0
588.5	0
589.5	0
590.5	0
591.5	0
592.5	0
593.5	0
594.5	0
595.5	0
596.5	0
597.5	0
598.5	0
599.5	0
600.5	0
601.5	0
602.5	0
603.5	0
604.5	0
605.5	0
606.5	0
607.5	0
608.5	0
609.5	0
610.5	0
611.5	0
612.5	0
613.5	0
614.5	0
615.5	0
616.5	0
617.5	0
618.5	0
619.5	0
620.5	0
621.5	0
622.5	0
623.5	0
624.5	0
625.5	0
626.5	0
627.5	0
628.5	0
629.5	0
630.5	0
631.5	0
632.5	0
633.5	0
634.5	0
635.5	0
636.5	0
637.5	0
638.5	0
639.5	0
640.5	0
641.5	0
642.5	0
643.5	0
644.5	0
645.5	0
646.5	0
647.5	0
648.5	0
649.5	0
650.5	0
651.5	0
652.5	0
653.5	0
654.5	0
655.5	0
656.5	0
657.5	0
658.5	0
659.5	0
660.5	0
661.5	0
662.5	0
663.5	0
664.5	0
665.5	0
666.5	0
667.5	0
668.5	0
669.5	0
670.5	0
671.5	0
672.5	0
673.5	0
674.5	0
675.5	0
676.5	0
677.5	0
678.5	0
679.5	0
680.5	0
681.5	0
682.5	0
683.5	0
684.5	0
685.5	0
686.5	0
687.5	0
688.5	0
689.5	0
690.5	0
691.5	0
692.5	0
693.5	0
694.5	0
695.5	0
696.5	0
697.5	0
698.5	0
699.5	0
700.5	0
701.5	0
702.5	0
703.5	0
704.5	0
705.5	0
706.5	0
707.5	0
708.5	0
709.5	0
710.5	0
711.5	0
712.5	0
713.5	0
714.5	0
715.5	0
716.5	0
717.5	0
718.5	0
719.5	0
720.5	0
721.5	0
722.5	0
723.5	0
724.5	0
725.5	0
726.5	0
727.5	0
728.5	0
729.5	0
730.5	0
731.5	0
732.5	0
733.5	0
734.5	0
735.5	0
736.5	0
737.5	0
738.5	0
739.5	0
740.5	0
741.5	0
742.5	0
743.5	0
744.5	0
745.5	0
746.5	0
747.5	0
748.5	0
749.5	0
750.5	0
751.5	0
752.5	0
753.5	0
754.5	0
755.5	0
756.5	0
757.5	0
758.5	0
759.5	0
760.5	0
761.5	0
762.5	0
763.5	0
764.5	0
765.5	0
766.5	0
767.5	0
768.5	0
769.5	0
770.5	0
771.5	0
772.5	0
773.5	0
774.5	0
775.5	0
776.5	0
777.5	0
778.5	0
779.5	0
780.5	0
781.5	0
782.5	0
783.5	0
784.5	0
785.5	0
786.5	0
787.5	0
788.5	0
789.5	0
790.5	0
791.5	0
792.5	0
793.5	0
794.5	0
795.5	0
796.5	0
797.5	0
798.5	0
799.5	0
800.5	0
801.5	0
802.5	0
803.5	0
804.5	0
805.5	0
806.5	0
807.5	0
808.5	0
809.5	0
810.5	0
811.5	0
812.5	0
813.5	0
814.5	0
815.5	0
816.5	0
817.5	0
818.5	0
819.5	0
820.5	0
821.5	0
822.5	0
823.5	0
824.5	0
825.5	0
826.5	0
827.5	0
828.5	0
829.5	0
830.5	0
831.5	0
832.5	0
833.5	0
834.5	0
835.5	0
836.5	0
837.5	0
838.5	0
839.5	0
840.5	0
841.5	0
842.5	0
843.5	0
844.5	0
845.5	0
846.5	0
847.5	0
848.5	0
849.5	0
850.5	0
851.5	0
852.5	0
853.5	0
854.5	0
855.5	0
856.5	0
857.5	0
858.5	0
859.5	0
860.5	0
861.5	0
862.5	0
863.5	0
864.5	0
865.5	0
866.5	0
867.5	0
868.5	0
869.5	0
870.5	0
871.5	0
872.5	0
873.5	0
874.5	0
875.5	0
876.5	0
877.5	0
878.5	0
879.5	0
880.5	0
881.5	0
882.5	0
883.5	0
884.5	0
885.5	0
886.5	0
887.5	0
888.5	0
889.5	0
890.5	0
891.5	0
892.5	0
893.5	0
894.5	0
895.5	0
896.5	0
897.5	0
898.5	0
899.5	0
900.5	0
901.5	0
902.5	0
903.5	0
904.5	0
905.5	0
906.5	0
907.5	0
908.5	0
909.5	0
910.5	0
911.5	0
912.5	0
913.5	0
914.5	0
915.5	0
916.5	0
917.5	0
918.5	0
919.5	0
920.5	0
921.5	0
922.5	0
923.5	0
924.5	0
925.5	0
926.5	0
927.5	0
928.5	0
929.5	0
930.5	0
931.5	0
932.5	0
933.5	0
934.5	0
935.5	0
936.5	0
937.5	0
938.5	0
939.5	0
940.5	0
941.5	0
942.5	0
943.5	0
944.5	0
945.5	0
946.5	0
947.5	0
948.5	0
949.5	0
950.5	0
951.5	0
952.5	0
953.5	0
954.5	0
955.5	0
956.5	0
957.5	0
958.5	0
959.5	0
960.5	0
961.5	0
962.5	0
963.5	0
964.5	0
965.5	0
966.5	0
967.5	0
968.5	0
969.5	0
970.5	0
971.5	0
972.5	0
973.5	0
974.5	0
975.5	0
976.5	0
977.5	0
978.5	0
979.5	0
980.5	0
981.5	0
982.5	0
983.5	0
984.5	0
985.5	0
986.5	0
987.5	0
988.5	0
989.5	0
990.5	0
991.5	0
992.5	0
993.5	0
994.5	0
995.5	0
996.5	0
997.5	0
998.5	0
999.5	0
1000.5	0
1001.5	0
1002.5	0
1003.5	0
1004.5	0
1005.5	0
1006.5	0
1007.5	0
1008.5	0
1009.5	0
1010.5	0
1011.5	0
1012.5	0
1013.5	0
1014.5	0
1015.5	0
1016.5	0
1017.5	0
1018.5	0
1019.5	0
1020.5	0
1021.5	0
1022.5	0
1023.5	0
