0.5	12969
1.5	34
2.5	38
3.5	42
4.5	56
5.5	63
6.5	205
7.5	188
8.5	145
9.5	176
10.5	201
11.5	229
12.5	260
13.5	301
14.5	318
15.5	387
16.5	370
17.5	404
18.5	463
19.5	475
20.5	598
21.5	811
22.5	1046
23.5	1054
24.5	1033
25.5	952
26.5	925
27.5	948
28.5	939
29.5	953
30.5	925
31.5	843
32.5	785
33.5	832
34.5	767
35.5	775
36.5	752
37.5	762
38.5	719
39.5	741
40.5	822
41.5	838
42.5	882
43.5	901
44.5	836
45.5	773
46.5	799
47.5	796
48.5	924
49.5	1230
50.5	1817
51.5	2475
52.5	3113
53.5	2980
54.5	2281
55.5	1772
56.5	1443
57.5	1215
58.5	998
59.5	908
60.5	867
61.5	836
62.5	831
63.5	818
64.5	810
65.5	788
66.5	818
67.5	774
68.5	783
69.5	868
70.5	910
71.5	855
72.5	875
73.5	918
74.5	968
75.5	952
76.5	938
77.5	1002
78.5	979
79.5	1010
80.5	1033
81.5	1050
82.5	1056
83.5	1099
84.5	1136
85.5	1037
86.5	920
87.5	996
88.5	934
89.5	952
90.5	957
91.5	979
92.5	934
93.5	955
94.5	944
95.5	1040
96.5	1098
97.5	1176
98.5	1143
99.5	1267
100.5	1423
101.5	1787
102.5	2333
103.5	2742
104.5	2732
105.5	2643
106.5	2272
107.5	2027
108.5	2051
109.5	2052
110.5	2320
111.5	2931
112.5	3157
113.5	3367
114.5	3053
115.5	2473
116.5	2058
117.5	1911
118.5	1953
119.5	2467
120.5	3560
121.5	5646
122.5	9162
123.5	14810
124.5	22134
125.5	27454
126.5	27645
127.5	22268
128.5	14858
129.5	9291
130.5	5445
131.5	3462
132.5	2543
133.5	2100
134.5	1929
135.5	1834
136.5	1787
137.5	1858
138.5	1936
139.5	2188
140.5	2571
141.5	3341
142.5	4680
143.5	6411
144.5	8536
145.5	9401
146.5	9057
147.5	7277
148.5	5280
149.5	4017
150.5	3221
151.5	3041
152.5	3352
153.5	4061
154.5	4819
155.5	5578
156.5	5974
157.5	5885
158.5	5339
159.5	4864
160.5	4550
161.5	4432
162.5	5259
163.5	6698
164.5	9216
165.5	12824
166.5	16484
167.5	18459
168.5	17713
169.5	15080
170.5	11089
171.5	7811
172.5	5492
173.5	4109
174.5	3775
175.5	4300
176.5	5296
177.5	6927
178.5	7930
179.5	8217
180.5	7083
181.5	5361
182.5	3573
183.5	2466
184.5	1682
185.5	1287
186.5	1116
187.5	1100
188.5	1161
189.5	1319
190.5	1434
191.5	1786
192.5	2301
193.5	2962
194.5	3721
195.5	4432
196.5	4724
197.5	4557
198.5	4106
199.5	3364
200.5	2642
201.5	1976
202.5	1707
203.5	1369
204.5	1390
205.5	1293
206.5	1237
207.5	1253
208.5	1200
209.5	1104
210.5	1091
211.5	994
212.5	798
213.5	711
214.5	678
215.5	686
216.5	785
217.5	942
218.5	1195
219.5	1638
220.5	2024
221.5	2655
222.5	3057
223.5	3399
224.5	3320
225.5	3081
226.5	2940
227.5	2326
228.5	1786
229.5	1322
230.5	1040
231.5	737
232.5	596
233.5	557
234.5	489
235.5	498
236.5	482
237.5	500
238.5	389
239.5	355
240.5	320
241.5	243
242.5	199
243.5	152
244.5	120
245.5	101
246.5	60
247.5	54
248.5	54
249.5	28
250.5	21
251.5	9
252.5	11
253.5	8
254.5	8
255.5	8
256.5	7
257.5	7
258.5	3
259.5	6
260.5	1
261.5	3
262.5	0
263.5	1
264.5	0
265.5	0
266.5	1
267.5	0
268.5	0
269.5	1
270.5	1
271.5	1
272.5	0
273.5	0
274.5	0
275.5	0
276.5	0
277.5	0
278.5	0
279.5	0
280.5	0
281.5	0
282.5	0
283.5	0
284.5	0
285.5	0
286.5	0
287.5	0
288.5	0
289.5	0
290.5	0
291.5	0
292.5	0
293.5	0
294.5	0
295.5	0
296.5	0
297.5	0
298.5	0
299.5	0
300.5	0
301.5	0
302.5	0
303.5	0
304.5	0
305.5	0
306.5	0
307.5	0
308.5	0
309.5	0
310.5	0
311.5	0
312.5	0
313.5	0
314.5	0
315.5	0
316.5	0
317.5	0
318.5	0
319.5	0
320.5	0
321.5	0
322.5	0
323.5	0
324.5	0
325.5	0
326.5	0
327.5	0
328.5	0
329.5	0
330.5	0
331.5	0
332.5	0
333.5	0
334.5	0
335.5	0
336.5	0
337.5	0
338.5	0
339.5	0
340.5	0
341.5	0
342.5	0
343.5	0
344.5	0
345.5	0
346.5	0
347.5	0
348.5	0
349.5	0
350.5	0
351.5	0
352.5	0
353.5	0
354.5	0
355.5	0
356.5	0
357.5	0
358.5	0
359.5	0
360.5	0
361.5	0
362.5	0
363.5	0
364.5	0
365.5	0
366.5	0
367.5	0
368.5	0
369.5	0
370.5	0
371.5	0
372.5	0
373.5	0
374.5	0
375.5	0
376.5	0
377.5	0
378.5	0
379.5	0
380.5	0
381.5	0
382.5	0
383.5	0
384.5	0
385.5	0
386.5	0
387.5	0
388.5	0
389.5	0
390.5	0
391.5	0
392.5	0
393.5	0
394.5	0
395.5	0
396.5	0
397.5	0
398.5	0
399.5	0
400.5	0
401.5	0
402.5	0
403.5	0
404.5	0
405.5	0
406.5	0
407.5	0
408.5	0
409.5	0
410.5	0
411.5	0
412.5	0
413.5	0
414.5	0
415.5	0
416.5	0
417.5	0
418.5	0
419.5	0
420.5	0
421.5	0
422.5	0
423.5	0
424.5	0
425.5	0
426.5	0
427.5	0
428.5	0
429.5	0
430.5	0
431.5	0
432.5	0
433.5	0
434.5	0
435.5	0
436.5	0
437.5	0
438.5	0
439.5	0
440.5	0
441.5	0
442.5	0
443.5	0
444.5	0
445.5	0
446.5	0
447.5	0
448.5	0
449.5	0
450.5	0
451.5	0
452.5	0
453.5	0
454.5	0
455.5	0
456.5	0
457.5	0
458.5	0
459.5	0
460.5	0
461.5	0
462.5	0
463.5	0
464.5	0
465.5	0
466.5	0
467.5	0
468.5	0
469.5	0
470.5	0
471.5	0
472.5	0
473.5	0
474.5	0
475.5	0
476.5	0
477.5	0
478.5	0
479.5	0
480.5	0
481.5	0
482.5	0
483.5	0
484.5	0
485.5	0
486.5	0
487.5	0
488.5	0
489.5	0
490.5	0
491.5	0
492.5	0
493.5	0
494.5	0
495.5	0
496.5	0
497.5	0
498.5	0
499.5	0
500.5	0
501.5	0
502.5	0
503.5	0
504.5	0
505.5	0
506.5	0
507.5	0
508.5	0
509.5	0
510.5	0
511.5	0
512.5	0
513.5	0
514.5	0
515.5	0
516.5	0
517.5	0
518.5	0
519.5	0
520.5	0
521.5	0
522.5	0
523.5	0
524.5	0
525.5	0
526.5	0
527.5	0
528.5	0
529.5	0
530.5	0
531.5	0
532.5	0
533.5	0
534.5	0
535.5	0
536.5	0
537.5	0
538.5	0
539.5	0
540.5	0
541.5	0
542.5	0
543.5	0
544.5	0
545.5	0
546.5	0
547.5	0
548.5	0
549.5	0
550.5	0
551.5	0
552.5	0
553.5	0
554.5	0
555.5	0
556.5	0
557.5	0
558.5	0
559.5	0
560.5	0
561.5	0
562.5	0
563.5	0
564.5	0
565.5	0
566.5	0
567.5	0
568.5	0
569.5	0
570.5	0
571.5	0
572.5	0
573.5	0
574.5	0
575.5	0
576.5	0
577.5	0
578.5	0
579.5	0
580.5	0
581.5	0
582.5	0
583.5	0
584.5	0
585.5	0
586.5	0
587.5	0
588.5	0
589.5	0
590.5	0
591.5	0
592.5	0
593.5	0
594.5	0
595.5	0
596.5	0
597.5	0
598.5	0
599.5	0
600.5	0
601.5	0
602.5	0
603.5	0
604.5	0
605.5	0
606.5	0
607.5	0
608.5	0
609.5	0
610.5	0
611.5	0
612.5	0
613.5	0
614.5	0
615.5	0
616.5	0
617.5	0
618.5	0
619.5	0
620.5	0
621.5	0
622.5	0
623.5	0
624.5	0
625.5	0
626.5	0
627.5	0
628.5	0
629.5	0
630.5	0
631.5	0
632.5	0
633.5	0
634.5	0
635.5	0
636.5	0
637.5	0
638.5	0
639.5	0
640.5	0
641.5	0
642.5	0
643.5	0
644.5	0
645.5	0
646.5	0
647.5	0
648.5	0
649.5	0
650.5	0
651.5	0
652.5	0
653.5	0
654.5	0
655.5	0
656.5	0
657.5	0
658.5	0
659.5	0
660.5	0
661.5	0
662.5	0
663.5	0
664.5	0
665.5	0
666.5	0
667.5	0
668.5	0
669.5	0
670.5	0
671.5	0
672.5	0
673.5	0
674.5	0
675.5	0
676.5	0
677.5	0
678.5	0
679.5	0
680.5	0
681.5	0
682.5	0
683.5	0
684.5	0
685.5	0
686.5	0
687.5	0
688.5	0
689.5	0
690.5	0
691.5	0
692.5	0
693.5	0
694.5	0
695.5	0
696.5	0
697.5	0
698.5	0
699.5	0
700.5	0
701.5	0
702.5	0
703.5	0
704.5	0
705.5	0
706.5	0
707.5	0
708.5	0
709.5	0
710.5	0
711.5	0
712.5	0
713.5	0
714.5	0
715.5	0
716.5	0
717.5	0
718.5	0
719.5	0
720.5	0
721.5	0
722.5	0
723.5	0
724.5	0
725.5	0
726.5	0
727.5	0
728.5	0
729.5	0
730.5	0
731.5	0
732.5	0
733.5	0
734.5	0
735.5	0
736.5	0
737.5	0
738.5	0
739.5	0
740.5	0
741.5	0
742.5	0
743.5	0
744.5	0
745.5	0
746.5	0
747.5	0
748.5	0
749.5	0
750.5	0
751.5	0
752.5	0
753.5	0
754.5	0
755.5	0
756.5	0
757.5	0
758.5	0
759.5	0
760.5	0
761.5	0
762.5	0
763.5	0
764.5	0
765.5	0
766.5	0
767.5	0
768.5	0
769.5	0
770.5	0
771.5	0
772.5	0
773.5	0
774.5	0
775.5	0
776.5	0
777.5	0
778.5	0
779.5	0
780.5	0
781.5	0
782.5	0
783.5	0
784.5	0
785.5	0
786.5	0
787.5	0
788.5	0
789.5	0
790.5	0
791.5	0
792.5	0
793.5	0
794.5	0
795.5	0
796.5	0
797.5	0
798.5	0
799.5	0
800.5	0
801.5	0
802.5	0
803.5	0
804.5	0
805.5	0
806.5	0
807.5	0
808.5	0
809.5	0
810.5	0
811.5	0
812.5	0
813.5	0
814.5	0
815.5	0
816.5	0
817.5	0
818.5	0
819.5	0
820.5	0
821.5	0
822.5	0
823.5	0
824.5	0
825.5	0
826.5	0
827.5	0
828.5	0
829.5	0
830.5	0
831.5	0
832.5	0
833.5	0
834.5	0
835.5	0
836.5	0
837.5	0
838.5	0
839.5	0
840.5	0
841.5	0
842.5	0
843.5	0
844.5	0
845.5	0
846.5	0
847.5	0
848.5	0
849.5	0
850.5	0
851.5	0
852.5	0
853.5	0
854.5	0
855.5	0
856.5	0
857.5	0
858.5	0
859.5	0
860.5	0
861.5	0
862.5	0
863.5	0
864.5	0
865.5	0
866.5	0
867.5	0
868.5	0
869.5	0
870.5	0
871.5	0
872.5	0
873.5	0
874.5	0
875.5	0
876.5	0
877.5	0
878.5	0
879.5	0
880.5	0
881.5	0
882.5	0
883.5	0
884.5	0
885.5	0
886.5	0
887.5	0
888.5	0
889.5	0
890.5	0
891.5	0
892.5	0
893.5	0
894.5	0
895.5	0
896.5	0
897.5	0
898.5	0
899.5	0
900.5	0
901.5	0
902.5	0
903.5	0
904.5	0
905.5	0
906.5	0
907.5	0
908.5	0
909.5	0
910.5	0
911.5	0
912.5	0
913.5	0
914.5	0
915.5	0
916.5	0
917.5	0
918.5	0
919.5	0
920.5	0
921.5	0
922.5	0
923.5	0
924.5	0
925.5	0
926.5	0
927.5	0
928.5	0
929.5	0
930.5	0
931.5	0
932.5	0
933.5	0
934.5	0
935.5	0
936.5	0
937.5	0
938.5	0
939.5	0
940.5	0
941.5	0
942.5	0
943.5	0
944.5	0
945.5	0
946.5	0
947.5	0
948.5	0
949.5	0
950.5	0
951.5	0
952.5	0
953.5	0
954.5	0
955.5	0
956.5	0
957.5	0
958.5	0
959.5	0
960.5	0
961.5	0
962.5	0
963.5	0
964.5	0
965.5	0
966.5	0
967.5	0
968.5	0
969.5	0
970.5	0
971.5	0
972.5	0
973.5	0
974.5	0
975.5	0
976.5	0
977.5	0
978.5	0
979.5	0
980.5	0
981.5	0
982.5	0
983.5	0
984.5	0
985.5	0
986.5	0
987.5	0
988.5	0
989.5	0
990.5	0
991.5	0
992.5	0
993.5	0
994.5	0
995.5	0
996.5	0
997.5	0
998.5	0
999.5	0
1000.5	0
1001.5	0
1002.5	0
1003.5	0
1004.5	0
1005.5	0
1006.5	0
1007.5	0
1008.5	0
1009.5	0
1010.5	0
1011.5	0
1012.5	0
1013.5	0
1014.5	0
1015.5	0
1016.5	0
1017.5	0
1018.5	0
1019.5	0
1020.5	0
1021.5	0
1022.5	0
1023.5	0
